0 82
1 41
2 124
3 62
4 31
5 94
6 47
7 142
8 71
9 214
10 107
11 322
12 161
13 484
14 242
15 121
16 364
17 182
18 91
19 274
20 137
21 412
22 206
23 103
24 310
25 155
26 466
27 233
28 700
29 350
30 175
31 526
32 263
33 790
34 395
35 1186
36 593
37 1780
38 890
39 445
40 1336
41 668
42 334
43 167
44 502
45 251
46 754
47 377
48 1132
49 566
50 283
51 850
52 425
53 1276
54 638
55 319
56 958
57 479
58 1438
59 719
60 2158
61 1079
62 3238
63 1619
64 4858
65 2429
66 7288
67 3644
68 1822
69 911
70 2734
71 1367
72 4102
73 2051
74 6154
75 3077
76 9232
77 4616
78 2308
79 1154
80 577
81 1732
82 866
83 433
84 1300
85 650
86 325
87 976
88 488
89 244
90 122
91 61
92 184
93 92
94 46
95 23
96 70
97 35
98 106
99 53
100 160
101 80
102 40
103 20
104 10
105 5
106 16
107 8
108 4
109 2
110 1
